5
45
0 Idle 12.96893897773799 80.18735432874642 2.5 3 2.5
1 Idle 13.1786196476365 80.15403671678733 2.5 3 2.5
2 Idle 13.02358805601694 80.14884602813505 2.5 3 2.5
3 Idle 13.152878562675719 80.09176757772204 2.5 3 2.5
4 Idle 13.182699412273234 80.27351918776355 2.5 3 2.5
0 Unallocated 12.970619520382854 80.24421929027034 13.09982781348028 80.28128216729365 6
1 Unallocated 13.112655305738668 80.23645759403817 13.108044938819331 80.28145670144646 1
2 Unallocated 13.022633451540965 80.22293207447126 13.099830510022814 80.28093700704947 8
3 Unallocated 13.058904079262076 80.24213600587062 13.1034534 80.281599 9
4 Unallocated 12.911668875534522 80.09253152740968 13.089915310318876 80.28498272056304 15
5 Unallocated 13.016393297985294 80.24390102485529 13.0827972 80.2795839 8
6 Unallocated 13.132710111132397 80.28943606684471 13.0797992 80.28550931538462 9
7 Unallocated 13.022633451540965 80.22293207447126 13.082270879499823 80.28006057752381 4
8 Unallocated 13.077458185672972 80.22856209252734 13.093000647772127 80.28491303406695 6
9 Unallocated 13.006533325455166 80.22589913436686 13.09472636375071 80.28165567673126 7
10 Unallocated 13.09284693553434 80.276855716486 13.074391949999999 80.28317305005066 7
11 Unallocated 13.111532057806352 80.2786706196446 13.086585120601256 80.28023826263279 18
12 Unallocated 13.084103489238306 80.2624929411437 13.096205610409523 80.27949116136178 18
13 Unallocated 13.040940696957778 80.237173900836 13.08090146589565 80.28150537489338 3
14 Unallocated 12.943425987686553 80.12292273064286 13.102671544051573 80.2806405034467 19
15 Unallocated 13.077458185672972 80.22856209252734 13.1064072 80.28384793373155 20
16 Unallocated 13.111532057806352 80.2786706196446 13.047677188430384 80.26717008264875 19
17 Unallocated 13.058904079262076 80.24213600587062 13.050299515986591 80.26134549967198 1
18 Unallocated 13.012624240705165 80.23535309287087 13.0584728 80.26310629431893 13
19 Unallocated 13.03037467453614 80.23664260503033 13.050336414406686 80.2668323228355 5
20 Unallocated 13.15467693313425 80.22714490436141 13.028462697295652 80.26160880039193 8
21 Unallocated 13.09001276595975 80.24457852722438 13.050023688913143 80.2663462070176 11
22 Unallocated 12.958043709387448 80.18762820264652 13.059158700000001 80.27822145910724 8
23 Unallocated 13.085584282516377 80.20692917891299 13.047018937716661 80.28037604871116 2
24 Unallocated 13.004228966191732 80.25174138746836 13.04498845 80.27846845243076 20
25 Unallocated 13.077458185672972 80.22856209252734 13.074721532693417 80.27769046204375 1
26 Unallocated 12.937424079218752 80.236226442464 13.043822599999999 80.26248073255175 10
27 Unallocated 13.087118753993161 80.28756348389014 13.062659275237298 80.25959465793748 19
28 Unallocated 13.03037467453614 80.23664260503033 13.06898833263215 80.26400251890088 19
29 Unallocated 13.058904079262076 80.24213600587062 13.070756467305225 80.25934706446911 19
30 Unallocated 13.022633451540965 80.22293207447126 13.0710985 80.2590991 2
31 Unallocated 13.03928396625131 80.22128683884996 13.06285435 80.2793152225397 4
32 Unallocated 13.062761809107734 80.16786483009568 13.04850235 80.27974899147442 8
33 Unallocated 12.991901769754628 80.23363710777613 13.06356045 80.2829610153824 13
34 Unallocated 12.982425495242659 80.22149564949433 13.054618 80.2499742 7
35 Unallocated 13.054675074836329 80.2501622071572 13.038004166981427 80.25162512079383 12
36 Unallocated 12.94167471988256 80.14882627405672 13.053947418425448 80.25309701306047 3
37 Unallocated 12.973011327040922 80.25796790471432 13.06373885 80.25846287833073 11
38 Unallocated 12.911668875534522 80.09253152740968 13.0606049 80.2585845 9
39 Unallocated 13.09001276595975 80.24457852722438 13.097692229469246 80.24150141964857 16
40 Unallocated 13.132710111132397 80.28943606684471 13.081867299999999 80.27190750465147 6
41 Unallocated 13.063326769460815 80.27937157908687 13.099867566905928 80.27419181808006 16
42 Unallocated 13.072238771764273 80.22251035736814 13.08727330372471 80.26988576959221 6
43 Unallocated 13.067448138212415 80.25544738578455 13.0991504 80.272204975 18
44 Unallocated 13.134481954396797 80.25712004152642 13.072821855246103 80.27101311479338 3