4
48
11 Idle 12.94176937548308 80.14884847819057 2.5 3 2.5
16 Idle 12.921935518952733 80.14787981097308 2.5 3 2.5
28 Idle 13.171776396210554 80.20657659717827 2.5 3 2.5
49 Idle 12.9291828 80.1548992 2.5 3 2.5
338 Unallocated 12.937424079218752 80.236226442464 13.0500726 80.22630082759336 13
288 Unallocated 12.955605104292522 80.1377271750836 13.0015495 80.2497784 20
79 Unallocated 12.961076169984416 80.16200794665573 13.0518763 80.2799223 13
87 Unallocated 12.991901769754628 80.23363710777613 13.06356045 80.2829610153824 13
11 Unallocated 13.111532057806352 80.2786706196446 13.086585120601256 80.28023826263279 18
173 Unallocated 13.045411874827021 80.1177807616303 13.119957685521056 80.26087055561668 12
45 Unallocated 13.012624240705165 80.23535309287087 13.0857539 80.2727978 8
237 Unallocated 13.09284693553434 80.276855716486 12.9860623 80.1660145 1
274 Unallocated 13.022009637528825 80.2595042307697 13.040811699999999 80.25338324470427 4
414 Unallocated 12.970619520382854 80.24421929027034 13.067311427463387 80.222428682625 20
439 Unallocated 13.006533325455166 80.22589913436686 13.029420924195234 80.2027110309937 15
103 Unallocated 13.01359300267089 80.2058631940797 13.045309648612651 80.24942423260492 10
440 Unallocated 13.016393297985294 80.24390102485529 12.981278610231474 80.2056722710521 4
13 Unallocated 13.040940696957778 80.237173900836 13.08090146589565 80.28150537489338 3
127 Unallocated 13.117235218953423 80.26019577452337 13.0588534 80.2569911 20
35 Unallocated 13.160282578496783 80.15533379578996 13.07301805 80.26314050301102 15
106 Unallocated 13.038720742593698 80.2541411641531 13.0666176 80.24932894202547 11
71 Unallocated 13.03928396625131 80.22128683884996 13.06285435 80.2793152225397 4
419 Unallocated 13.134481954396797 80.25712004152642 13.08281225674144 80.23070634336024 6
267 Unallocated 13.040029121812157 80.17633616959115 13.025753 80.23710376677657 10
298 Unallocated 13.093243438536113 80.28248552987903 13.0022187 80.2520867 13
367 Unallocated 12.98933503436242 80.16525884087402 13.044255130337223 80.20700129275723 1
356 Unallocated 13.061589438166761 80.22373350440434 12.9968567 80.2356843 6
409 Unallocated 13.004228966191732 80.25174138746836 13.097673110200915 80.22145472912005 19
227 Unallocated 12.970619520382854 80.24421929027034 13.044697816516132 80.22223749027302 15
190 Unallocated 12.961076169984416 80.16200794665573 13.09562435 80.29297979392106 7
437 Unallocated 13.09001276595975 80.24457852722438 13.0074586 80.206874 7
340 Unallocated 12.982425495242659 80.22149564949433 13.07870305 80.2251512279849 9
172 Unallocated 13.016393297985294 80.24390102485529 13.103330387329583 80.26079846791096 6
115 Unallocated 13.110289936549117 80.29471628863286 13.10476110797401 80.26276537524038 2
311 Unallocated 12.859781356309337 80.16893624706961 13.099027156818932 80.27914195264827 10
351 Unallocated 12.987207756701647 80.1859757462345 13.0043766 80.23654998665585 15
442 Unallocated 13.053640749437935 80.26987402786983 13.0477376 80.2059568 19
294 Unallocated 13.128665904685484 80.08800841445482 12.987328653822011 80.25290422461852 2
16 Unallocated 12.859781356309337 80.16893624706961 13.10033740988376 80.28553018827505 7
422 Unallocated 13.09293037688715 80.1959561152586 13.089479249891088 80.23148140975624 7
174 Unallocated 13.073592529559258 80.19488504585291 13.091554660520934 80.26165268140996 16
187 Unallocated 13.023195586977897 80.15447479128045 13.110148776673299 80.29809993018145 15
238 Unallocated 13.128165624233555 80.23130333836797 12.97071758720945 80.16538141048925 17
83 Unallocated 13.023195586977897 80.15447479128045 13.0618514 80.282061511947 4
349 Unallocated 13.012624240705165 80.23535309287087 13.043059727660937 80.22523911980232 19
48 Unallocated 13.087458081314631 80.22343937057404 13.0871751 80.27058088100142 13
113 Unallocated 13.111877531696102 80.18479177436038 13.103406146239776 80.26327502758423 7
131 Unallocated 13.119527930407848 80.1555577358646 13.043301705053192 80.25500980744131 5
285 Unallocated 13.109025978778044 80.17486427651501 13.03070793466275 80.25536266304326 16
22 Unallocated 13.050928953519565 80.2243631472091 13.061498449999998 80.26419797579229 4
55 Unallocated 12.911668875534522 80.09253152740968 13.08620925 80.26792028557287 5
293 Unallocated 12.92956477893268 80.20319328932176 13.003777286116302 80.2506945234483 2
