Vehicle 11
21 288 79 87 173 45 274 439 103 440 13 106 71 267 367 409 190 172 351 187 83 349
288 P 12.955605104292522 80.1377271750836
187 P 13.023195586977897 80.15447479128045
83 P 13.023195586977897 80.15447479128045
173 P 13.045411874827021 80.1177807616303
267 P 13.040029121812157 80.17633616959115
71 P 13.03928396625131 80.22128683884996
13 P 13.040940696957778 80.237173900836
106 P 13.038720742593698 80.2541411641531
274 P 13.022009637528825 80.2595042307697
409 P 13.004228966191732 80.25174138746836
440 P 13.016393297985294 80.24390102485529
172 P 13.016393297985294 80.24390102485529
45 P 13.012624240705165 80.23535309287087
349 P 13.012624240705165 80.23535309287087
439 P 13.006533325455166 80.22589913436686
87 P 12.991901769754628 80.23363710777613
103 P 13.01359300267089 80.2058631940797
351 P 12.987207756701647 80.1859757462345
367 P 12.98933503436242 80.16525884087402
79 P 12.961076169984416 80.16200794665573
190 P 12.961076169984416 80.16200794665573
440 D 12.981278610231474 80.2056722710521
288 D 13.0015495 80.2497784
351 D 13.0043766 80.23654998665585
267 D 13.025753 80.23710376677657
274 D 13.040811699999999 80.25338324470427
79 D 13.0518763 80.2799223
83 D 13.0618514 80.282061511947
87 D 13.06356045 80.2829610153824
71 D 13.06285435 80.2793152225397
13 D 13.08090146589565 80.28150537489338
187 D 13.110148776673299 80.29809993018145
190 D 13.09562435 80.29297979392106
173 D 13.119957685521056 80.26087055561668
172 D 13.103330387329583 80.26079846791096
45 D 13.0857539 80.2727978
106 D 13.0666176 80.24932894202547
103 D 13.045309648612651 80.24942423260492
409 D 13.097673110200915 80.22145472912005
349 D 13.043059727660937 80.22523911980232
367 D 13.044255130337223 80.20700129275723
439 D 13.029420924195234 80.2027110309937
Vehicle 16
3 311 16 55
55 P 12.911668875534522 80.09253152740968
311 P 12.859781356309337 80.16893624706961
16 P 12.859781356309337 80.16893624706961
55 D 13.08620925 80.26792028557287
311 D 13.099027156818932 80.27914195264827
16 D 13.10033740988376 80.28553018827505
Vehicle 28
19 11 237 127 35 419 298 356 437 115 442 294 422 174 238 48 113 131 285 22
238 P 13.128165624233555 80.23130333836797
419 P 13.134481954396797 80.25712004152642
127 P 13.117235218953423 80.26019577452337
115 P 13.110289936549117 80.29471628863286
11 P 13.111532057806352 80.2786706196446
237 P 13.09284693553434 80.276855716486
298 P 13.093243438536113 80.28248552987903
442 P 13.053640749437935 80.26987402786983
22 P 13.050928953519565 80.2243631472091
356 P 13.061589438166761 80.22373350440434
48 P 13.087458081314631 80.22343937057404
437 P 13.09001276595975 80.24457852722438
174 P 13.073592529559258 80.19488504585291
422 P 13.09293037688715 80.1959561152586
285 P 13.109025978778044 80.17486427651501
113 P 13.111877531696102 80.18479177436038
131 P 13.119527930407848 80.1555577358646
294 P 13.128665904685484 80.08800841445482
35 P 13.160282578496783 80.15533379578996
115 D 13.10476110797401 80.26276537524038
113 D 13.103406146239776 80.26327502758423
174 D 13.091554660520934 80.26165268140996
11 D 13.086585120601256 80.28023826263279
48 D 13.0871751 80.27058088100142
35 D 13.07301805 80.26314050301102
22 D 13.061498449999998 80.26419797579229
127 D 13.0588534 80.2569911
131 D 13.043301705053192 80.25500980744131
285 D 13.03070793466275 80.25536266304326
294 D 12.987328653822011 80.25290422461852
298 D 13.0022187 80.2520867
356 D 12.9968567 80.2356843
437 D 13.0074586 80.206874
238 D 12.97071758720945 80.16538141048925
237 D 12.9860623 80.1660145
442 D 13.0477376 80.2059568
422 D 13.089479249891088 80.23148140975624
419 D 13.08281225674144 80.23070634336024
Vehicle 49
5 338 414 227 340 293
338 P 12.937424079218752 80.236226442464
414 P 12.970619520382854 80.24421929027034
227 P 12.970619520382854 80.24421929027034
340 P 12.982425495242659 80.22149564949433
293 P 12.92956477893268 80.20319328932176
338 D 13.0500726 80.22630082759336
340 D 13.07870305 80.2251512279849
414 D 13.067311427463387 80.222428682625
227 D 13.044697816516132 80.22223749027302
293 D 13.003777286116302 80.2506945234483
