No of vehicles : 50
No of consignments : 450
Vehilcles Section: ID,Status,Latitude,Longitude,Max_Capacity(in Tonnes),Volume(cubicmeters),Current_capacity(in Tonnes)
0 Idle 12.99615249553886 80.1888841921402 2.5 3 2.5
1 Idle 12.96893897773799 80.18735432874642 2.5 3 2.5
2 Idle 12.989614020581913 80.18747098916594 2.5 3 2.5
3 Idle 12.97107605 80.18554167511684 2.5 3 2.5
4 Idle 12.979180583045482 80.18588121585897 2.5 3 2.5
5 Idle 12.975544757605899 80.18949753042294 2.5 3 2.5
6 Idle 13.0057294123278 80.19032776417075 2.5 3 2.5
7 Idle 12.981075050000001 80.18878471439108 2.5 3 2.5
8 Idle 12.963440359990992 80.18694892318457 2.5 3 2.5
9 Idle 13.1786196476365 80.15403671678733 2.5 3 2.5
10 Idle 12.911668124299936 80.09253724884161 2.5 3 2.5
11 Idle 12.94176937548308 80.14884847819057 2.5 3 2.5
12 Idle 12.8960332 80.1450055 2.5 3 2.5
13 Idle 12.884312490931764 80.15141565480575 2.5 3 2.5
14 Idle 12.913261433280917 80.14610907269946 2.5 3 2.5
15 Idle 12.928784653820893 80.15171498777961 2.5 3 2.5
16 Idle 12.921935518952733 80.14787981097308 2.5 3 2.5
17 Idle 12.9688014 80.146697 2.5 3 2.5
18 Idle 12.979742386417735 80.14607200226881 2.5 3 2.5
19 Idle 12.994028595513418 80.1517638396948 2.5 3 2.5
20 Idle 13.017973254718356 80.1499562920917 2.5 3 2.5
21 Idle 13.02358805601694 80.14884602813505 2.5 3 2.5
22 Idle 12.900554010526355 80.14725120892358 2.5 3 2.5
23 Idle 13.152878562675719 80.09176757772204 2.5 3 2.5
24 Idle 13.159209920067 80.2042186 2.5 3 2.5
25 Idle 13.128310901554084 80.2022646738909 2.5 3 2.5
26 Idle 13.153063199584272 80.20530287021366 2.5 3 2.5
27 Idle 13.1371309990504 80.20427480908876 2.5 3 2.5
28 Idle 13.171776396210554 80.20657659717827 2.5 3 2.5
29 Idle 13.123997732033638 80.20272666608898 2.5 3 2.5
30 Idle 13.1946752 80.2051051 2.5 3 2.5
31 Idle 13.171427606320876 80.20071904959458 2.5 3 2.5
32 Idle 13.146148816193056 80.20148465533464 2.5 3 2.5
33 Idle 13.135605985648958 80.20178014919404 2.5 3 2.5
34 Idle 13.1628454 80.19916865603041 2.5 3 2.5
35 Idle 13.158567129299193 80.20114014983514 2.5 3 2.5
36 Idle 13.229502195098586 80.21792621016345 2.5 3 2.5
37 Idle 13.16490522516133 80.27050739757235 2.5 3 2.5
38 Idle 13.1526545 80.2700265 2.5 3 2.5
39 Idle 13.177322121500456 80.27331834285977 2.5 3 2.5
40 Idle 13.160354769203915 80.27042869963401 2.5 3 2.5
41 Idle 13.182699412273234 80.27351918776355 2.5 3 2.5
42 Idle 13.1501017 80.2743773 2.5 3 2.5
43 Idle 13.173153542947711 80.2710890929992 2.5 3 2.5
44 Idle 12.9179042 80.1523771 2.5 3 2.5
45 Idle 12.9792197 80.1530457 2.5 3 2.5
46 Idle 13.002948508927169 80.15295717287167 2.5 3 2.5
47 Idle 12.933047408493797 80.15636225458222 2.5 3 2.5
48 Idle 12.972941446624406 80.1527577850906 2.5 3 2.5
49 Idle 12.9291828 80.1548992 2.5 3 2.5
Vehicles Route Section: ID,Count,Lat-Lng Touples
0 0
1 0
2 0
3 0
4 0
5 0
6 0
7 0
8 0
9 0
10 0
11 0
12 0
13 0
14 0
15 0
16 0
17 0
18 0
19 0
20 0
21 0
22 0
23 0
24 0
25 0
26 0
27 0
28 0
29 0
30 0
31 0
32 0
33 0
34 0
35 0
36 0
37 0
38 0
39 0
40 0
41 0
42 0
43 0
44 0
45 0
46 0
47 0
48 0
49 0
Vehicles Packing Section: ID,Count,Consignment IDs
0 0
1 0
2 0
3 0
4 0
5 0
6 0
7 0
8 0
9 0
10 0
11 0
12 0
13 0
14 0
15 0
16 0
17 0
18 0
19 0
20 0
21 0
22 0
23 0
24 0
25 0
26 0
27 0
28 0
29 0
30 0
31 0
32 0
33 0
34 0
35 0
36 0
37 0
38 0
39 0
40 0
41 0
42 0
43 0
44 0
45 0
46 0
47 0
48 0
49 0
Consignments Section : ID,Status,Source_lat,Source_long,Destination_lat,Destination_long,Weight(in kgs)
0 Unallocated 12.970619520382854 80.24421929027034 13.09982781348028 80.28128216729365 6
1 Unallocated 13.112655305738668 80.23645759403817 13.108044938819331 80.28145670144646 1
2 Unallocated 13.022633451540965 80.22293207447126 13.099830510022814 80.28093700704947 8
3 Unallocated 13.058904079262076 80.24213600587062 13.1034534 80.281599 9
4 Unallocated 12.911668875534522 80.09253152740968 13.089915310318876 80.28498272056304 15
5 Unallocated 13.016393297985294 80.24390102485529 13.0827972 80.2795839 8
6 Unallocated 13.132710111132397 80.28943606684471 13.0797992 80.28550931538462 9
7 Unallocated 13.022633451540965 80.22293207447126 13.082270879499823 80.28006057752381 4
8 Unallocated 13.077458185672972 80.22856209252734 13.093000647772127 80.28491303406695 6
9 Unallocated 13.006533325455166 80.22589913436686 13.09472636375071 80.28165567673126 7
10 Unallocated 13.09284693553434 80.276855716486 13.074391949999999 80.28317305005066 7
11 Unallocated 13.111532057806352 80.2786706196446 13.086585120601256 80.28023826263279 18
12 Unallocated 13.084103489238306 80.2624929411437 13.096205610409523 80.27949116136178 18
13 Unallocated 13.040940696957778 80.237173900836 13.08090146589565 80.28150537489338 3
14 Unallocated 12.943425987686553 80.12292273064286 13.102671544051573 80.2806405034467 19
15 Unallocated 13.077458185672972 80.22856209252734 13.1064072 80.28384793373155 20
16 Unallocated 12.859781356309337 80.16893624706961 13.10033740988376 80.28553018827505 7
17 Unallocated 13.053640749437935 80.26987402786983 13.090683619300846 80.2809795545397 20
18 Unallocated 13.040029121812157 80.17633616959115 13.100114839392269 80.27970104655847 10
19 Unallocated 13.160282578496783 80.15533379578996 13.105869652867888 80.28000300565161 8
20 Unallocated 13.096407077672279 80.21523498612427 13.06264235 80.26122582645411 15
21 Unallocated 13.087118753993161 80.28756348389014 13.070092500000001 80.2604566452597 16
22 Unallocated 13.050928953519565 80.2243631472091 13.061498449999998 80.26419797579229 4
23 Unallocated 12.905653806093301 80.11528441165544 13.072969677789601 80.26186774987187 7
24 Unallocated 12.92956477893268 80.20319328932176 13.061703540658161 80.26279596346671 7
25 Unallocated 13.119527930407848 80.1555577358646 13.0593116 80.259461 7
26 Unallocated 12.937424079218752 80.236226442464 13.043822599999999 80.26248073255175 10
27 Unallocated 13.087118753993161 80.28756348389014 13.062659275237298 80.25959465793748 19
28 Unallocated 13.03037467453614 80.23664260503033 13.06898833263215 80.26400251890088 19
29 Unallocated 13.058904079262076 80.24213600587062 13.070756467305225 80.25934706446911 19
30 Unallocated 13.022633451540965 80.22293207447126 13.0710985 80.2590991 2
31 Unallocated 13.01359300267089 80.2058631940797 13.064695700000001 80.26258830073388 10
32 Unallocated 13.072238771764273 80.22251035736814 13.0768575 80.2622942 20
33 Unallocated 13.004228966191732 80.25174138746836 13.0544399 80.26136014347566 10
34 Unallocated 12.973011327040922 80.25796790471432 13.08313045897751 80.26101801336725 11
35 Unallocated 13.160282578496783 80.15533379578996 13.07301805 80.26314050301102 15
36 Unallocated 13.073632533129219 80.2064067980485 13.054627499999999 80.26090981782328 18
37 Unallocated 13.085002721109463 80.25482018455645 13.0445136 80.2614492 17
38 Unallocated 12.973011327040922 80.25796790471432 13.06373885 80.25846287833073 11
39 Unallocated 12.911668875534522 80.09253152740968 13.0606049 80.2585845 9
40 Unallocated 13.132710111132397 80.28943606684471 13.081867299999999 80.27190750465147 6
41 Unallocated 13.063326769460815 80.27937157908687 13.099867566905928 80.27419181808006 16
42 Unallocated 13.072238771764273 80.22251035736814 13.08727330372471 80.26988576959221 6
43 Unallocated 13.067448138212415 80.25544738578455 13.0991504 80.272204975 18
44 Unallocated 13.134481954396797 80.25712004152642 13.072821855246103 80.27101311479338 3
45 Unallocated 13.012624240705165 80.23535309287087 13.0857539 80.2727978 8
46 Unallocated 13.022009637528825 80.2595042307697 13.072410099999999 80.2750940198835 17
47 Unallocated 12.991901769754628 80.23363710777613 13.0686638 80.26978940000001 13
48 Unallocated 13.087458081314631 80.22343937057404 13.0871751 80.27058088100142 13
49 Unallocated 12.916953513950448 80.152410120027 13.0749088 80.2725042 8
50 Unallocated 13.090194379825608 80.26487278455893 13.095047297491536 80.2686458470393 13
51 Unallocated 13.004228966191732 80.25174138746836 13.071319036997295 80.27064405800604 12
52 Unallocated 13.115939074243697 80.2247527363738 13.1023451 80.27124580738689 17
53 Unallocated 13.073632533129219 80.2064067980485 13.093003526018823 80.27199366532645 9
54 Unallocated 13.15467693313425 80.22714490436141 13.06747025 80.27000193026916 5
55 Unallocated 12.911668875534522 80.09253152740968 13.08620925 80.26792028557287 5
56 Unallocated 12.973011327040922 80.25796790471432 13.041115600000001 80.26306914439198 20
57 Unallocated 12.911668875534522 80.09253152740968 13.031265699999999 80.26606791053634 14
58 Unallocated 13.063326769460815 80.27937157908687 13.049537930645002 80.2614215358361 15
59 Unallocated 13.09293037688715 80.1959561152586 13.021123 80.2637056 14
60 Unallocated 13.153009727546081 80.09177733687444 13.0336866 80.2666912 12
61 Unallocated 13.058904079262076 80.24213600587062 13.045375494770203 80.26429280492277 2
62 Unallocated 13.15467693313425 80.22714490436141 13.044558563730934 80.26589302829647 9
63 Unallocated 13.05012900680311 80.25657133941753 13.019114081152182 80.26453014159974 13
64 Unallocated 12.98386913105183 80.13902754076875 13.05081 80.26464 11
65 Unallocated 13.111532057806352 80.2786706196446 13.047677188430384 80.26717008264875 19
66 Unallocated 13.058904079262076 80.24213600587062 13.050299515986591 80.26134549967198 1
67 Unallocated 13.012624240705165 80.23535309287087 13.0584728 80.26310629431893 13
68 Unallocated 13.03037467453614 80.23664260503033 13.050336414406686 80.2668323228355 5
69 Unallocated 13.15467693313425 80.22714490436141 13.028462697295652 80.26160880039193 8
70 Unallocated 13.09001276595975 80.24457852722438 13.050023688913143 80.2663462070176 11
71 Unallocated 13.03928396625131 80.22128683884996 13.06285435 80.2793152225397 4
72 Unallocated 12.958043709387448 80.18762820264652 13.059158700000001 80.27822145910724 8
73 Unallocated 13.085584282516377 80.20692917891299 13.047018937716661 80.28037604871116 2
74 Unallocated 13.004228966191732 80.25174138746836 13.04498845 80.27846845243076 20
75 Unallocated 13.077458185672972 80.22856209252734 13.074721532693417 80.27769046204375 1
76 Unallocated 13.111877531696102 80.18479177436038 13.0679763 80.2759291 4
77 Unallocated 12.973011327040922 80.25796790471432 13.06679095 80.2810107 15
78 Unallocated 13.091104074364894 80.27658693602336 13.0656788 80.2782437500997 3
79 Unallocated 12.961076169984416 80.16200794665573 13.0518763 80.2799223 13
80 Unallocated 12.937424079218752 80.236226442464 13.050183843636686 80.27814418706527 6
81 Unallocated 13.050928953519565 80.2243631472091 13.0636828 80.2773224 15
82 Unallocated 13.073592529559258 80.19488504585291 13.0555185 80.28119495703922 5
83 Unallocated 13.023195586977897 80.15447479128045 13.0618514 80.282061511947 4
84 Unallocated 12.905653806093301 80.11528441165544 13.059021099999999 80.28138336226445 17
85 Unallocated 13.05378360537576 80.20002389285614 13.0778839 80.27809159450317 17
86 Unallocated 13.062761809107734 80.16786483009568 13.04850235 80.27974899147442 8
87 Unallocated 12.991901769754628 80.23363710777613 13.06356045 80.2829610153824 13
88 Unallocated 12.982425495242659 80.22149564949433 13.054618 80.2499742 7
89 Unallocated 13.054675074836329 80.2501622071572 13.038004166981427 80.25162512079383 12
90 Unallocated 12.94167471988256 80.14882627405672 13.053947418425448 80.25309701306047 3
91 Unallocated 13.061589438166761 80.22373350440434 13.0415253 80.24820365 10
92 Unallocated 12.961076169984416 80.16200794665573 13.045751983874341 80.25206711678399 18
93 Unallocated 13.03928396625131 80.22128683884996 13.0364448 80.25245757264263 20
94 Unallocated 12.916953513950448 80.152410120027 13.046731163311673 80.24992399040117 19
95 Unallocated 13.038720742593698 80.2541411641531 13.0731975 80.2527237 13
96 Unallocated 13.03246338020307 80.20903759528495 13.069374100000001 80.24879939435529 15
97 Unallocated 12.98386913105183 80.13902754076875 13.059543 80.246897 16
98 Unallocated 12.859781356309337 80.16893624706961 13.037143592566617 80.25168126263159 4
99 Unallocated 13.087118753993161 80.28756348389014 13.053259738537605 80.25122224283542 15
100 Unallocated 13.112655305738668 80.23645759403817 13.0718437 80.2512039 14
101 Unallocated 13.09001276595975 80.24457852722438 13.05800165 80.24868932883774 18
102 Unallocated 12.961076169984416 80.16200794665573 13.0430456 80.2487368 5
103 Unallocated 13.01359300267089 80.2058631940797 13.045309648612651 80.24942423260492 10
104 Unallocated 12.978440272888356 80.18799736967496 13.0525851 80.2485502 7
105 Unallocated 13.050928953519565 80.2243631472091 13.0386186 80.25113874474465 10
106 Unallocated 13.038720742593698 80.2541411641531 13.0666176 80.24932894202547 11
107 Unallocated 13.072238771764273 80.22251035736814 13.0761146 80.2485015 5
108 Unallocated 12.922051160182534 80.12188980177766 13.090448 80.2630661 3
109 Unallocated 13.006533325455166 80.22589913436686 13.096900174463912 80.26144537461822 9
110 Unallocated 13.09001276595975 80.24457852722438 13.0794103 80.2610415 9
111 Unallocated 13.038926690132497 80.2011254822453 13.1006397 80.2642308 9
112 Unallocated 13.062761809107734 80.16786483009568 13.100357191394128 80.26173838482153 3
113 Unallocated 13.111877531696102 80.18479177436038 13.103406146239776 80.26327502758423 7
114 Unallocated 13.040940696957778 80.237173900836 13.0770838 80.2609259 1
115 Unallocated 13.110289936549117 80.29471628863286 13.10476110797401 80.26276537524038 2
116 Unallocated 13.050269195280038 80.20950752435877 13.087331152551476 80.2595121493874 20
117 Unallocated 13.103329669895267 80.26080105801795 13.08724735 80.26128098135686 18
118 Unallocated 13.01359300267089 80.2058631940797 13.0770675 80.2634442 12
119 Unallocated 12.943425987686553 80.12292273064286 13.07679682554522 80.2655581912398 13
120 Unallocated 12.982425495242659 80.22149564949433 13.06559505 80.26020194023525 8
121 Unallocated 13.062182567835295 80.2615680741474 13.079681633474014 80.26059399089294 11
122 Unallocated 13.067448138212415 80.25544738578455 13.0697263 80.261728164094 19
123 Unallocated 12.96553834970804 80.20161169599497 13.06759835 80.26174260270199 8
124 Unallocated 12.905653806093301 80.11528441165544 13.067677575036377 80.25517963854469 14
125 Unallocated 13.132710111132397 80.28943606684471 13.08022765533995 80.25470126067998 3
126 Unallocated 13.085002721109463 80.25482018455645 13.0893773 80.2547595 7
127 Unallocated 13.117235218953423 80.26019577452337 13.0588534 80.2569911 20
128 Unallocated 13.128165624233555 80.23130333836797 13.0611297 80.2514614 15
129 Unallocated 13.09293037688715 80.1959561152586 13.05928687510348 80.25313747004047 9
130 Unallocated 13.072238771764273 80.22251035736814 13.06562995 80.25828810274531 2
131 Unallocated 13.119527930407848 80.1555577358646 13.043301705053192 80.25500980744131 5
132 Unallocated 12.98933503436242 80.16525884087402 13.08232755 80.25639852483108 2
133 Unallocated 13.05378360537576 80.20002389285614 13.06362725 80.25710740594363 13
134 Unallocated 13.05378360537576 80.20002389285614 13.088884110212248 80.25433775692676 5
135 Unallocated 13.012624240705165 80.23535309287087 13.063336 80.2529749 7
136 Unallocated 13.096407077672279 80.21523498612427 13.06657035 80.25658010000001 7
137 Unallocated 13.062761809107734 80.16786483009568 13.08708345 80.28783489186237 17
138 Unallocated 13.134481954396797 80.25712004152642 13.059433850000001 80.28311142534108 7
139 Unallocated 13.03928396625131 80.22128683884996 13.0652998 80.2868833 17
140 Unallocated 12.96553834970804 80.20161169599497 13.089364972465994 80.28403658928505 5
141 Unallocated 13.058904079262076 80.24213600587062 13.0889705 80.2887963 14
142 Unallocated 13.053640749437935 80.26987402786983 13.078471417552858 80.28773361087117 14
143 Unallocated 13.085002721109463 80.25482018455645 13.083075050000001 80.2826686377546 7
144 Unallocated 13.050269195280038 80.20950752435877 13.094372083322742 80.2857067314803 1
145 Unallocated 13.119527930407848 80.1555577358646 13.065471 80.2855855 18
146 Unallocated 13.05378360537576 80.20002389285614 13.0673484 80.28519819084536 6
147 Unallocated 12.859781356309337 80.16893624706961 13.0910603 80.2832572 13
148 Unallocated 13.132710111132397 80.28943606684471 13.089935134680978 80.24462682259065 7
149 Unallocated 12.987207756701647 80.1859757462345 13.0717302 80.2429254 17
150 Unallocated 13.090194379825608 80.26487278455893 13.09697624130155 80.24683947807206 9
151 Unallocated 13.045411874827021 80.1177807616303 13.1080731 80.245526 19
152 Unallocated 13.05378360537576 80.20002389285614 13.107255589022023 80.24696823185988 17
153 Unallocated 13.045411874827021 80.1177807616303 13.108625419364001 80.24302530271783 15
154 Unallocated 13.159209920067344 80.20403644031109 13.081431474707564 80.24663124330087 17
155 Unallocated 13.063326769460815 80.27937157908687 13.0827016 80.2424652 14
156 Unallocated 12.916953513950448 80.152410120027 13.100912878180518 80.2440665084923 18
157 Unallocated 13.09001276595975 80.24457852722438 13.097692229469246 80.24150141964857 16
158 Unallocated 13.229528048457844 80.21748936087546 13.0781955 80.2452886 16
159 Unallocated 13.093434125434184 80.1855005648954 13.1148422 80.2441515 17
160 Unallocated 13.087118753993161 80.28756348389014 13.069249952248141 80.24263435818669 16
161 Unallocated 12.958043709387448 80.18762820264652 13.10213137504701 80.2470340238141 13
162 Unallocated 13.058904079262076 80.24213600587062 13.088463918280947 80.24122781653685 18
163 Unallocated 13.004228966191732 80.25174138746836 13.1124222 80.2363168 10
164 Unallocated 13.09284693553434 80.276855716486 13.1224513 80.2369492 7
165 Unallocated 13.087118753993161 80.28756348389014 13.131149695266357 80.23700862938387 19
166 Unallocated 13.03037467453614 80.23664260503033 13.107774473696129 80.23644495291876 15
167 Unallocated 12.937424079218752 80.236226442464 13.1365824 80.235521 3
168 Unallocated 13.082544503355802 80.27194959190007 13.12933500670991 80.23462164178702 3
169 Unallocated 13.077458185672972 80.22856209252734 13.0901921 80.23854880928536 16
170 Unallocated 12.92956477893268 80.20319328932176 13.122205606798682 80.23830412461788 7
171 Unallocated 13.022009637528825 80.2595042307697 13.113066833610274 80.23531878528935 12
172 Unallocated 13.016393297985294 80.24390102485529 13.103330387329583 80.26079846791096 6
173 Unallocated 13.045411874827021 80.1177807616303 13.119957685521056 80.26087055561668 12
174 Unallocated 13.073592529559258 80.19488504585291 13.091554660520934 80.26165268140996 16
175 Unallocated 13.022009637528825 80.2595042307697 13.1172565079766 80.26225701989965 18
176 Unallocated 13.038720742593698 80.2541411641531 13.09906276749461 80.26356458988127 13
177 Unallocated 13.022009637528825 80.2595042307697 13.11832824876719 80.26246029949897 1
178 Unallocated 13.096407077672279 80.21523498612427 13.087841076422862 80.25862281175735 8
179 Unallocated 13.022009637528825 80.2595042307697 13.112379738285943 80.26365972214568 9
180 Unallocated 13.03037467453614 80.23664260503033 13.107431332524484 80.26406924155947 16
181 Unallocated 13.112655305738668 80.23645759403817 13.123151438193167 80.26175354914768 4
182 Unallocated 13.084103489238306 80.2624929411437 13.127062719561644 80.26069239327148 7
183 Unallocated 13.115939074243697 80.2247527363738 13.088002882799243 80.26071919995773 15
184 Unallocated 13.061589438166761 80.22373350440434 13.103326006546567 80.25836114904119 15
185 Unallocated 13.103329669895267 80.26080105801795 13.111666 80.29447226884099 11
186 Unallocated 13.093434125434184 80.1855005648954 13.107632974080406 80.29396914424474 1
187 Unallocated 13.023195586977897 80.15447479128045 13.110148776673299 80.29809993018145 15
188 Unallocated 13.063326769460815 80.27937157908687 13.106487925272779 80.29345853550397 17
189 Unallocated 13.040648063054517 80.26444454953274 13.09812845 80.29206682468688 2
190 Unallocated 12.961076169984416 80.16200794665573 13.09562435 80.29297979392106 7
191 Unallocated 13.012624240705165 80.23535309287087 13.107047739559672 80.29629546926638 4
192 Unallocated 12.905653806093301 80.11528441165544 13.128707628615668 80.29561340583913 15
193 Unallocated 13.084103489238306 80.2624929411437 13.114620649111954 80.29361001519894 20
194 Unallocated 13.038720742593698 80.2541411641531 13.120466311928283 80.29538192401748 18
195 Unallocated 12.931377468810334 80.10598961896362 13.113518777325266 80.29341047453151 13
196 Unallocated 13.093434125434184 80.1855005648954 13.118722700480959 80.29739610076173 8
197 Unallocated 13.045411874827021 80.1177807616303 13.114669516632992 80.29162108522063 1
198 Unallocated 13.08054773829796 80.2857161339636 13.114327204488749 80.29637018285568 15
199 Unallocated 13.053640749437935 80.26987402786983 13.118481592804256 80.29572978267888 6
200 Unallocated 13.03246338020307 80.20903759528495 13.122793951694806 80.29412010827348 18
201 Unallocated 12.859781356309337 80.16893624706961 13.10982377616554 80.29349383204034 1
202 Unallocated 13.110289936549117 80.29471628863286 13.053708240453108 80.26989819193118 8
203 Unallocated 13.229528048457844 80.21748936087546 13.034584 80.268484 11
204 Unallocated 12.993649336116155 80.24613933505793 13.0334336 80.2679457 19
205 Unallocated 12.94167471988256 80.14882627405672 13.050803575139572 80.27309096404413 13
206 Unallocated 12.905653806093301 80.11528441165544 13.0490805359092 80.26972238966309 9
207 Unallocated 12.905653806093301 80.11528441165544 13.06881793308287 80.26770481900934 6
208 Unallocated 13.040648063054517 80.26444454953274 13.071130691602061 80.26910249153377 1
209 Unallocated 12.94167471988256 80.14882627405672 13.061608415835186 80.27115295849461 6
210 Unallocated 13.15467693313425 80.22714490436141 13.0368977 80.26839375824247 11
211 Unallocated 13.03928396625131 80.22128683884996 13.0653797 80.2694575 2
212 Unallocated 13.128665904685484 80.08800841445482 13.040898400808935 80.27208750924353 11
213 Unallocated 13.159209920067344 80.20403644031109 13.03232 80.268977 11
214 Unallocated 12.98933503436242 80.16525884087402 13.045216026233025 80.26994954099308 16
215 Unallocated 13.063326769460815 80.27937157908687 13.066495551592567 80.27269351155212 11
216 Unallocated 13.062182567835295 80.2615680741474 13.0413309 80.2683208 19
217 Unallocated 13.132710111132397 80.28943606684471 13.038808 80.2730143 9
218 Unallocated 12.936489652720702 80.25458419278924 13.05362430180765 80.26639526205444 19
219 Unallocated 13.062182567835295 80.2615680741474 13.069818233580722 80.27069774625737 16
220 Unallocated 13.073592529559258 80.19488504585291 13.0226851 80.2230072 20
221 Unallocated 12.978440272888356 80.18799736967496 13.052330869943608 80.223032439812 3
222 Unallocated 13.058904079262076 80.24213600587062 13.026409059531497 80.22186411985189 9
223 Unallocated 13.15467693313425 80.22714490436141 13.0292835 80.2224943 1
224 Unallocated 13.132710111132397 80.28943606684471 13.02503235 80.22120494999999 4
225 Unallocated 13.1046140918698 80.20750350967663 13.043112910890367 80.22405192963224 13
226 Unallocated 12.943425987686553 80.12292273064286 13.028480380504305 80.22138911388625 7
227 Unallocated 12.970619520382854 80.24421929027034 13.044697816516132 80.22223749027302 15
228 Unallocated 13.134481954396797 80.25712004152642 13.0004748 80.227182 16
229 Unallocated 12.931377468810334 80.10598961896362 13.02741776989888 80.22201536445996 1
230 Unallocated 13.001127429432294 80.26807895261663 13.002819789502231 80.2198157933602 15
231 Unallocated 13.05378360537576 80.20002389285614 13.0520554 80.2247294 7
232 Unallocated 12.96553834970804 80.20161169599497 12.99175455 80.22155836289596 15
233 Unallocated 13.091104074364894 80.27658693602336 13.021463950000001 80.22246765008367 7
234 Unallocated 13.103329669895267 80.26080105801795 13.05328671738371 80.22350173340911 15
235 Unallocated 13.091104074364894 80.27658693602336 12.9912309 80.1652278 2
236 Unallocated 13.085584282516377 80.20692917891299 12.9753704 80.1675553 17
237 Unallocated 13.09284693553434 80.276855716486 12.9860623 80.1660145 1
238 Unallocated 13.128165624233555 80.23130333836797 12.97071758720945 80.16538141048925 17
239 Unallocated 13.038720742593698 80.2541411641531 12.934608473924166 80.16520947711685 4
240 Unallocated 13.087118753993161 80.28756348389014 12.982120811402625 80.16802311033975 10
241 Unallocated 13.062182567835295 80.2615680741474 13.036955252478435 80.16637975196649 11
242 Unallocated 13.087118753993161 80.28756348389014 12.9573396 80.1655774 1
243 Unallocated 12.993649336116155 80.24613933505793 13.005103305269763 80.16280084457917 9
244 Unallocated 13.058904079262076 80.24213600587062 12.9946072 80.16828387550407 20
245 Unallocated 13.229528048457844 80.21748936087546 12.96372713190213 80.16498411109114 10
246 Unallocated 13.09284693553434 80.276855716486 13.011845551863342 80.16846806269345 15
247 Unallocated 13.111877531696102 80.18479177436038 12.9612318 80.1682879 12
248 Unallocated 12.859781356309337 80.16893624706961 12.948789 80.1687935 4
249 Unallocated 13.073592529559258 80.19488504585291 13.023350082295165 80.16573118618702 9
250 Unallocated 12.98386913105183 80.13902754076875 13.025514868973476 80.16260905408174 11
251 Unallocated 13.08054773829796 80.2857161339636 12.943276 80.1665819 11
252 Unallocated 13.1046140918698 80.20750350967663 13.0408845 80.2374787 4
253 Unallocated 13.163263089175068 80.27197628592454 13.058986715837717 80.24006862465184 15
254 Unallocated 13.085002721109463 80.25482018455645 13.063944625346544 80.23722034841427 18
255 Unallocated 12.98933503436242 80.16525884087402 13.0402874 80.23925940000001 10
256 Unallocated 12.94167471988256 80.14882627405672 13.03420945 80.23470451649413 1
257 Unallocated 13.03037467453614 80.23664260503033 13.033688 80.2383491 1
258 Unallocated 13.053640749437935 80.26987402786983 13.021166449999999 80.23463114165129 6
259 Unallocated 12.958043709387448 80.18762820264652 13.0298046 80.23687742329055 4
260 Unallocated 13.067448138212415 80.25544738578455 13.038684182129256 80.23973654375023 9
261 Unallocated 13.023195586977897 80.15447479128045 13.0600525 80.2396766 17
262 Unallocated 12.931377468810334 80.10598961896362 13.054560327952975 80.23696466324355 13
263 Unallocated 12.922051160182534 80.12188980177766 13.042892530728155 80.2397757361687 5
264 Unallocated 12.955605104292522 80.1377271750836 13.04038515544781 80.24044549498673 8
265 Unallocated 13.09284693553434 80.276855716486 13.05599735 80.2387234837927 20
266 Unallocated 13.061589438166761 80.22373350440434 13.038301677275475 80.23659621464255 6
267 Unallocated 13.040029121812157 80.17633616959115 13.025753 80.23710376677657 10
268 Unallocated 13.082544503355802 80.27194959190007 13.0350165 80.2392798 16
269 Unallocated 13.117235218953423 80.26019577452337 13.023850312563187 80.23994491302939 12
270 Unallocated 13.067448138212415 80.25544738578455 13.051636033319076 80.23982597882902 19
271 Unallocated 12.958043709387448 80.18762820264652 13.03832585 80.23689724746966 2
272 Unallocated 13.016393297985294 80.24390102485529 13.0389627 80.2533558 3
273 Unallocated 13.040029121812157 80.17633616959115 13.0525345 80.25215494939188 10
274 Unallocated 13.022009637528825 80.2595042307697 13.040811699999999 80.25338324470427 4
275 Unallocated 13.082544503355802 80.27194959190007 13.04639845 80.25353599280393 11
276 Unallocated 13.229528048457844 80.21748936087546 13.0368042 80.2553943 9
277 Unallocated 13.093434125434184 80.1855005648954 13.033463259516202 80.25390567339812 9
278 Unallocated 13.038926690132497 80.2011254822453 13.05329325 80.25476156591762 14
279 Unallocated 13.119527930407848 80.1555577358646 13.0268688 80.2541439 9
280 Unallocated 13.085584282516377 80.20692917891299 13.021405163514052 80.25515533548086 14
281 Unallocated 12.970619520382854 80.24421929027034 13.031478987184187 80.25308482984961 19
282 Unallocated 13.132710111132397 80.28943606684471 13.0529339 80.25117643688455 8
283 Unallocated 13.093434125434184 80.1855005648954 13.0312006 80.2511993 9
284 Unallocated 13.001127429432294 80.26807895261663 13.032559129105518 80.25577208622573 2
285 Unallocated 13.109025978778044 80.17486427651501 13.03070793466275 80.25536266304326 16
286 Unallocated 13.063326769460815 80.27937157908687 13.004255945279922 80.25174078311368 4
287 Unallocated 13.112655305738668 80.23645759403817 12.987731100000001 80.24938653141929 8
288 Unallocated 12.955605104292522 80.1377271750836 13.0015495 80.2497784 20
289 Unallocated 13.045411874827021 80.1177807616303 13.020540696532866 80.25079451050655 8
290 Unallocated 13.153009727546081 80.09177733687444 13.007599936313037 80.25531080064268 5
291 Unallocated 13.022633451540965 80.22293207447126 12.993088754891396 80.25111368286922 15
292 Unallocated 13.058904079262076 80.24213600587062 13.0064298 80.251867 13
293 Unallocated 12.92956477893268 80.20319328932176 13.003777286116302 80.2506945234483 2
294 Unallocated 13.128665904685484 80.08800841445482 12.987328653822011 80.25290422461852 2
295 Unallocated 13.085584282516377 80.20692917891299 12.993717158327 80.2485265 11
296 Unallocated 13.15467693313425 80.22714490436141 13.010126294936928 80.24885813500698 1
297 Unallocated 13.01359300267089 80.2058631940797 13.0099496 80.2535753 10
298 Unallocated 13.093243438536113 80.28248552987903 13.0022187 80.2520867 13
299 Unallocated 13.084103489238306 80.2624929411437 12.997307977733792 80.25413267554326 3
300 Unallocated 13.038926690132497 80.2011254822453 13.012337937618021 80.25369500463506 9
301 Unallocated 13.163263089175068 80.27197628592454 13.111558083621084 80.27857928189853 9
302 Unallocated 13.040648063054517 80.26444454953274 13.119966723299475 80.28030617358105 4
303 Unallocated 13.112655305738668 80.23645759403817 13.1089648 80.2820095 1
304 Unallocated 13.001127429432294 80.26807895261663 13.118582797025166 80.275610273224 16
305 Unallocated 13.115939074243697 80.2247527363738 13.101675205824836 80.27812057405595 2
306 Unallocated 12.98386913105183 80.13902754076875 13.132748693977547 80.2790702150971 9
307 Unallocated 13.112655305738668 80.23645759403817 13.124799831517445 80.27783123294375 12
308 Unallocated 13.062182567835295 80.2615680741474 13.102321333304396 80.28184858380139 6
309 Unallocated 13.229528048457844 80.21748936087546 13.121863290016465 80.28191767049584 17
310 Unallocated 13.160282578496783 80.15533379578996 13.11973786075518 80.27535664372493 19
311 Unallocated 12.859781356309337 80.16893624706961 13.099027156818932 80.27914195264827 10
312 Unallocated 13.087458081314631 80.22343937057404 13.1018679 80.2801769 17
313 Unallocated 13.112655305738668 80.23645759403817 13.121970411096832 80.27996196742171 9
314 Unallocated 12.987207756701647 80.1859757462345 13.10339081670409 80.27951954158227 16
315 Unallocated 12.905653806093301 80.11528441165544 13.0923775 80.2777601 1
316 Unallocated 13.093243438536113 80.28248552987903 13.00648467275814 80.22589480410356 6
317 Unallocated 12.859781356309337 80.16893624706961 12.97712948738704 80.22579456166586 12
318 Unallocated 13.085584282516377 80.20692917891299 13.01555995 80.22450260894436 12
319 Unallocated 12.961076169984416 80.16200794665573 13.021076343919168 80.22464983626064 9
320 Unallocated 13.082544503355802 80.27194959190007 13.033084 80.2269534 10
321 Unallocated 12.970619520382854 80.24421929027034 12.99296175 80.2289379 8
322 Unallocated 13.112655305738668 80.23645759403817 13.0107431 80.22935435526315 4
323 Unallocated 13.117235218953423 80.26019577452337 12.983699413354362 80.22491710020952 13
324 Unallocated 13.05012900680311 80.25657133941753 12.989562721964003 80.2243524165847 12
325 Unallocated 12.987207756701647 80.1859757462345 13.01405888317944 80.22624929633376 1
326 Unallocated 13.163263089175068 80.27197628592454 13.009400980221923 80.22828904950565 6
327 Unallocated 13.05378360537576 80.20002389285614 12.979527269494536 80.22439110448347 6
328 Unallocated 13.040940696957778 80.237173900836 12.9910456 80.2286345 4
329 Unallocated 13.038720742593698 80.2541411641531 13.101510265088955 80.23095348245238 5
330 Unallocated 12.970619520382854 80.24421929027034 13.08921829837769 80.22788941525246 16
331 Unallocated 12.922051160182534 80.12188980177766 13.093461538940366 80.23005047811657 7
332 Unallocated 13.163263089175068 80.27197628592454 13.07638865 80.23200895424299 6
333 Unallocated 13.071233250890389 80.23835781542842 13.0793157 80.2290477 10
334 Unallocated 12.931377468810334 80.10598961896362 13.118212657038697 80.2299614400279 18
335 Unallocated 13.040648063054517 80.26444454953274 13.050895040735131 80.22435556490599 11
336 Unallocated 13.093243438536113 80.28248552987903 13.052586699999999 80.22325888979753 4
337 Unallocated 13.082544503355802 80.27194959190007 13.060881722050668 80.22193791977128 20
338 Unallocated 12.937424079218752 80.236226442464 13.0500726 80.22630082759336 13
339 Unallocated 13.01359300267089 80.2058631940797 13.0360973 80.22554553498006 7
340 Unallocated 12.982425495242659 80.22149564949433 13.07870305 80.2251512279849 9
341 Unallocated 12.905653806093301 80.11528441165544 13.059501592393016 80.2225061029668 11
342 Unallocated 13.040940696957778 80.237173900836 13.06282392888612 80.22352232965545 9
343 Unallocated 13.093079346795799 80.16220070030263 13.0419742 80.2258032 14
344 Unallocated 12.859781356309337 80.16893624706961 13.055882777749295 80.22230286105291 20
345 Unallocated 13.038720742593698 80.2541411641531 13.06041138853133 80.22625637789524 10
346 Unallocated 13.171099705369539 80.06509083158848 13.043568147107004 80.2250442224512 1
347 Unallocated 13.062761809107734 80.16786483009568 13.05635085274254 80.22411862340957 8
348 Unallocated 13.112655305738668 80.23645759403817 13.049940908609802 80.2210825306547 1
349 Unallocated 13.012624240705165 80.23535309287087 13.043059727660937 80.22523911980232 19
350 Unallocated 13.03246338020307 80.20903759528495 13.012933449999998 80.2364494174421 20
351 Unallocated 12.987207756701647 80.1859757462345 13.0043766 80.23654998665585 15
352 Unallocated 13.050928953519565 80.2243631472091 13.037804 80.236041 16
353 Unallocated 13.111532057806352 80.2786706196446 13.021161076832174 80.23787891491129 13
354 Unallocated 13.004228966191732 80.25174138746836 13.036261691100583 80.2344850936333 9
355 Unallocated 13.128665904685484 80.08800841445482 13.014314514906111 80.2319288644552 15
356 Unallocated 13.061589438166761 80.22373350440434 12.9968567 80.2356843 6
357 Unallocated 13.110289936549117 80.29471628863286 12.99415605 80.2366825512945 2
358 Unallocated 12.936489652720702 80.25458419278924 13.034200347874656 80.23711815269914 13
359 Unallocated 13.022009637528825 80.2595042307697 12.986366336574859 80.23614810527118 5
360 Unallocated 13.110289936549117 80.29471628863286 13.050951699999999 80.20959533431022 7
361 Unallocated 13.09284693553434 80.276855716486 13.055748909048518 80.20885701156048 10
362 Unallocated 12.982425495242659 80.22149564949433 13.0475826 80.2069719 19
363 Unallocated 13.111877531696102 80.18479177436038 13.033665685558011 80.21272238993774 4
364 Unallocated 13.072238771764273 80.22251035736814 13.074879918272744 80.20853835282816 3
365 Unallocated 13.15467693313425 80.22714490436141 13.0350618 80.2119045 10
366 Unallocated 12.96553834970804 80.20161169599497 13.0632838 80.20856661188954 11
367 Unallocated 12.98933503436242 80.16525884087402 13.044255130337223 80.20700129275723 1
368 Unallocated 13.061576066699729 80.19640397179366 13.017219945605438 80.20882088987645 2
369 Unallocated 13.115939074243697 80.2247527363738 13.03684405 80.20924708117002 1
370 Unallocated 13.085584282516377 80.20692917891299 13.034400999999999 80.20784030276303 12
371 Unallocated 13.103329669895267 80.26080105801795 13.07165385819118 80.20778502625421 4
372 Unallocated 13.085002721109463 80.25482018455645 13.0542711 80.2078101 3
373 Unallocated 13.117235218953423 80.26019577452337 13.04390450648922 80.2059995463781 14
374 Unallocated 13.110289936549117 80.29471628863286 13.030828 80.2118438 7
375 Unallocated 13.077458185672972 80.22856209252734 13.0794941 80.206737825794 20
376 Unallocated 12.931377468810334 80.10598961896362 12.976736545476264 80.1788868524723 17
377 Unallocated 13.038720742593698 80.2541411641531 12.9642993 80.1834172 20
378 Unallocated 13.132710111132397 80.28943606684471 12.980038901004539 80.17678946467016 14
379 Unallocated 13.115939074243697 80.2247527363738 12.9414145 80.1791015 12
380 Unallocated 13.115939074243697 80.2247527363738 12.978278130649146 80.17646643519365 14
381 Unallocated 13.171099705369539 80.06509083158848 12.981164265394964 80.18225474813576 20
382 Unallocated 12.976808675294944 80.17899006922718 13.0049305 80.1822345 16
383 Unallocated 12.916953513950448 80.152410120027 12.977764299386035 80.18068055670123 1
384 Unallocated 12.92956477893268 80.20319328932176 12.980848790349011 80.1802615051709 4
385 Unallocated 12.931377468810334 80.10598961896362 12.952062901000666 80.17994287574713 4
386 Unallocated 13.09001276595975 80.24457852722438 13.0094646 80.1808085 1
387 Unallocated 13.038720742593698 80.2541411641531 12.9888782 80.17496962482595 15
388 Unallocated 13.08054773829796 80.2857161339636 13.0062444 80.1819241 8
389 Unallocated 13.022633451540965 80.22293207447126 13.0221142 80.259468 19
390 Unallocated 13.171099705369539 80.06509083158848 13.0052672 80.2574134 20
391 Unallocated 13.087458081314631 80.22343937057404 13.014823 80.2591757 15
392 Unallocated 13.15467693313425 80.22714490436141 13.04162840856897 80.26010716783053 19
393 Unallocated 12.987207756701647 80.1859757462345 12.9989664 80.2594573 3
394 Unallocated 13.096407077672279 80.21523498612427 13.033322247053468 80.25943683384811 13
395 Unallocated 13.05012900680311 80.25657133941753 13.016475750000001 80.26094280853363 17
396 Unallocated 12.859781356309337 80.16893624706961 13.03642145269102 80.26149904671502 19
397 Unallocated 13.006533325455166 80.22589913436686 13.001804444799944 80.26013886980955 9
398 Unallocated 12.937424079218752 80.236226442464 13.0184727 80.2614032 14
399 Unallocated 13.006533325455166 80.22589913436686 13.0267144 80.2614084 12
400 Unallocated 13.023195586977897 80.15447479128045 13.023839005311565 80.25842233840645 14
401 Unallocated 13.038926690132497 80.2011254822453 13.025763470120744 80.25874062999698 13
402 Unallocated 13.02381027706268 80.1863743243948 13.071863950000001 80.22244009497061 16
403 Unallocated 13.03246338020307 80.20903759528495 13.090682232554803 80.22520937129455 3
404 Unallocated 13.022009637528825 80.2595042307697 13.058449427832409 80.22391905545105 11
405 Unallocated 12.98386913105183 80.13902754076875 13.05498105 80.22648095402563 8
406 Unallocated 12.98933503436242 80.16525884087402 13.063485504751597 80.21942969981735 2
407 Unallocated 12.976808675294944 80.17899006922718 13.071168100000001 80.22345117614466 1
408 Unallocated 13.109025978778044 80.17486427651501 13.072586978572678 80.22012863239057 3
409 Unallocated 13.004228966191732 80.25174138746836 13.097673110200915 80.22145472912005 19
410 Unallocated 12.859781356309337 80.16893624706961 13.065651526621085 80.2235319647848 19
411 Unallocated 13.077458185672972 80.22856209252734 13.093098669973646 80.22145827665466 4
412 Unallocated 13.09293037688715 80.1959561152586 13.087202199872598 80.22012295996662 2
413 Unallocated 13.117235218953423 80.26019577452337 13.090865259113379 80.21979939241498 20
414 Unallocated 12.970619520382854 80.24421929027034 13.067311427463387 80.222428682625 20
415 Unallocated 13.084103489238306 80.2624929411437 13.077450521736708 80.22862119798025 11
416 Unallocated 12.937424079218752 80.236226442464 13.071983157641563 80.23082308071741 17
417 Unallocated 13.062182567835295 80.2615680741474 13.048166853492667 80.22861943788774 9
418 Unallocated 13.111877531696102 80.18479177436038 13.052733878210217 80.22846150914756 13
419 Unallocated 13.134481954396797 80.25712004152642 13.08281225674144 80.23070634336024 6
420 Unallocated 12.922051160182534 80.12188980177766 13.0750903 80.2279629 5
421 Unallocated 13.040648063054517 80.26444454953274 13.1034168794677 80.2290552615969 4
422 Unallocated 13.09293037688715 80.1959561152586 13.089479249891088 80.23148140975624 7
423 Unallocated 13.229528048457844 80.21748936087546 13.0712947 80.23832633873326 4
424 Unallocated 13.05012900680311 80.25657133941753 13.0769663 80.23832897418427 20
425 Unallocated 13.15467693313425 80.22714490436141 13.077855549999999 80.24050985040188 19
426 Unallocated 13.054675074836329 80.2501622071572 13.0449508 80.2388835 5
427 Unallocated 13.040029121812157 80.17633616959115 13.080576520500351 80.24151247045336 18
428 Unallocated 13.062761809107734 80.16786483009568 13.084403686888743 80.2376694975733 3
429 Unallocated 13.160282578496783 80.15533379578996 13.0745854 80.23501236431906 12
430 Unallocated 13.111532057806352 80.2786706196446 13.084497332171528 80.2359819885536 14
431 Unallocated 13.161560068923759 80.25347171395052 13.081353799999999 80.23941257424147 19
432 Unallocated 13.096407077672279 80.21523498612427 13.07860775 80.23746994999999 19
433 Unallocated 12.98386913105183 80.13902754076875 13.059417476115108 80.238261626902 2
434 Unallocated 13.110289936549117 80.29471628863286 13.0470304 80.23653217817164 6
435 Unallocated 12.98386913105183 80.13902754076875 12.9864443 80.2065651 18
436 Unallocated 13.109025978778044 80.17486427651501 12.987171155674215 80.20798177682985 8
437 Unallocated 13.09001276595975 80.24457852722438 13.0074586 80.206874 7
438 Unallocated 13.109025978778044 80.17486427651501 13.0344806 80.20267143619537 16
439 Unallocated 13.006533325455166 80.22589913436686 13.029420924195234 80.2027110309937 15
440 Unallocated 13.016393297985294 80.24390102485529 12.981278610231474 80.2056722710521 4
441 Unallocated 13.09284693553434 80.276855716486 12.994981308718586 80.2087689707339 4
442 Unallocated 13.053640749437935 80.26987402786983 13.0477376 80.2059568 19
443 Unallocated 12.976808675294944 80.17899006922718 13.04749 80.2043888 10
444 Unallocated 13.063326769460815 80.27937157908687 13.03933145 80.22103494511302 9
445 Unallocated 13.077458185672972 80.22856209252734 13.03102285 80.22472720221688 10
446 Unallocated 13.001127429432294 80.26807895261663 13.010475750000001 80.22062826010182 13
447 Unallocated 13.09284693553434 80.276855716486 13.046382560804037 80.22083767724979 4
448 Unallocated 13.023195586977897 80.15447479128045 13.052509306196551 80.22185839242906 9
449 Unallocated 13.03246338020307 80.20903759528495 13.02250665 80.21946614999999 19
Consignments Packing Section: ID,Packed/Unpacked, X, Y, Z
0 Unpacked
1 Unpacked
2 Unpacked
3 Unpacked
4 Unpacked
5 Unpacked
6 Unpacked
7 Unpacked
8 Unpacked
9 Unpacked
10 Unpacked
11 Unpacked
12 Unpacked
13 Unpacked
14 Unpacked
15 Unpacked
16 Unpacked
17 Unpacked
18 Unpacked
19 Unpacked
20 Unpacked
21 Unpacked
22 Unpacked
23 Unpacked
24 Unpacked
25 Unpacked
26 Unpacked
27 Unpacked
28 Unpacked
29 Unpacked
30 Unpacked
31 Unpacked
32 Unpacked
33 Unpacked
34 Unpacked
35 Unpacked
36 Unpacked
37 Unpacked
38 Unpacked
39 Unpacked
40 Unpacked
41 Unpacked
42 Unpacked
43 Unpacked
44 Unpacked
45 Unpacked
46 Unpacked
47 Unpacked
48 Unpacked
49 Unpacked
50 Unpacked
51 Unpacked
52 Unpacked
53 Unpacked
54 Unpacked
55 Unpacked
56 Unpacked
57 Unpacked
58 Unpacked
59 Unpacked
60 Unpacked
61 Unpacked
62 Unpacked
63 Unpacked
64 Unpacked
65 Unpacked
66 Unpacked
67 Unpacked
68 Unpacked
69 Unpacked
70 Unpacked
71 Unpacked
72 Unpacked
73 Unpacked
74 Unpacked
75 Unpacked
76 Unpacked
77 Unpacked
78 Unpacked
79 Unpacked
80 Unpacked
81 Unpacked
82 Unpacked
83 Unpacked
84 Unpacked
85 Unpacked
86 Unpacked
87 Unpacked
88 Unpacked
89 Unpacked
90 Unpacked
91 Unpacked
92 Unpacked
93 Unpacked
94 Unpacked
95 Unpacked
96 Unpacked
97 Unpacked
98 Unpacked
99 Unpacked
100 Unpacked
101 Unpacked
102 Unpacked
103 Unpacked
104 Unpacked
105 Unpacked
106 Unpacked
107 Unpacked
108 Unpacked
109 Unpacked
110 Unpacked
111 Unpacked
112 Unpacked
113 Unpacked
114 Unpacked
115 Unpacked
116 Unpacked
117 Unpacked
118 Unpacked
119 Unpacked
120 Unpacked
121 Unpacked
122 Unpacked
123 Unpacked
124 Unpacked
125 Unpacked
126 Unpacked
127 Unpacked
128 Unpacked
129 Unpacked
130 Unpacked
131 Unpacked
132 Unpacked
133 Unpacked
134 Unpacked
135 Unpacked
136 Unpacked
137 Unpacked
138 Unpacked
139 Unpacked
140 Unpacked
141 Unpacked
142 Unpacked
143 Unpacked
144 Unpacked
145 Unpacked
146 Unpacked
147 Unpacked
148 Unpacked
149 Unpacked
150 Unpacked
151 Unpacked
152 Unpacked
153 Unpacked
154 Unpacked
155 Unpacked
156 Unpacked
157 Unpacked
158 Unpacked
159 Unpacked
160 Unpacked
161 Unpacked
162 Unpacked
163 Unpacked
164 Unpacked
165 Unpacked
166 Unpacked
167 Unpacked
168 Unpacked
169 Unpacked
170 Unpacked
171 Unpacked
172 Unpacked
173 Unpacked
174 Unpacked
175 Unpacked
176 Unpacked
177 Unpacked
178 Unpacked
179 Unpacked
180 Unpacked
181 Unpacked
182 Unpacked
183 Unpacked
184 Unpacked
185 Unpacked
186 Unpacked
187 Unpacked
188 Unpacked
189 Unpacked
190 Unpacked
191 Unpacked
192 Unpacked
193 Unpacked
194 Unpacked
195 Unpacked
196 Unpacked
197 Unpacked
198 Unpacked
199 Unpacked
200 Unpacked
201 Unpacked
202 Unpacked
203 Unpacked
204 Unpacked
205 Unpacked
206 Unpacked
207 Unpacked
208 Unpacked
209 Unpacked
210 Unpacked
211 Unpacked
212 Unpacked
213 Unpacked
214 Unpacked
215 Unpacked
216 Unpacked
217 Unpacked
218 Unpacked
219 Unpacked
220 Unpacked
221 Unpacked
222 Unpacked
223 Unpacked
224 Unpacked
225 Unpacked
226 Unpacked
227 Unpacked
228 Unpacked
229 Unpacked
230 Unpacked
231 Unpacked
232 Unpacked
233 Unpacked
234 Unpacked
235 Unpacked
236 Unpacked
237 Unpacked
238 Unpacked
239 Unpacked
240 Unpacked
241 Unpacked
242 Unpacked
243 Unpacked
244 Unpacked
245 Unpacked
246 Unpacked
247 Unpacked
248 Unpacked
249 Unpacked
250 Unpacked
251 Unpacked
252 Unpacked
253 Unpacked
254 Unpacked
255 Unpacked
256 Unpacked
257 Unpacked
258 Unpacked
259 Unpacked
260 Unpacked
261 Unpacked
262 Unpacked
263 Unpacked
264 Unpacked
265 Unpacked
266 Unpacked
267 Unpacked
268 Unpacked
269 Unpacked
270 Unpacked
271 Unpacked
272 Unpacked
273 Unpacked
274 Unpacked
275 Unpacked
276 Unpacked
277 Unpacked
278 Unpacked
279 Unpacked
280 Unpacked
281 Unpacked
282 Unpacked
283 Unpacked
284 Unpacked
285 Unpacked
286 Unpacked
287 Unpacked
288 Unpacked
289 Unpacked
290 Unpacked
291 Unpacked
292 Unpacked
293 Unpacked
294 Unpacked
295 Unpacked
296 Unpacked
297 Unpacked
298 Unpacked
299 Unpacked
300 Unpacked
301 Unpacked
302 Unpacked
303 Unpacked
304 Unpacked
305 Unpacked
306 Unpacked
307 Unpacked
308 Unpacked
309 Unpacked
310 Unpacked
311 Unpacked
312 Unpacked
313 Unpacked
314 Unpacked
315 Unpacked
316 Unpacked
317 Unpacked
318 Unpacked
319 Unpacked
320 Unpacked
321 Unpacked
322 Unpacked
323 Unpacked
324 Unpacked
325 Unpacked
326 Unpacked
327 Unpacked
328 Unpacked
329 Unpacked
330 Unpacked
331 Unpacked
332 Unpacked
333 Unpacked
334 Unpacked
335 Unpacked
336 Unpacked
337 Unpacked
338 Unpacked
339 Unpacked
340 Unpacked
341 Unpacked
342 Unpacked
343 Unpacked
344 Unpacked
345 Unpacked
346 Unpacked
347 Unpacked
348 Unpacked
349 Unpacked
350 Unpacked
351 Unpacked
352 Unpacked
353 Unpacked
354 Unpacked
355 Unpacked
356 Unpacked
357 Unpacked
358 Unpacked
359 Unpacked
360 Unpacked
361 Unpacked
362 Unpacked
363 Unpacked
364 Unpacked
365 Unpacked
366 Unpacked
367 Unpacked
368 Unpacked
369 Unpacked
370 Unpacked
371 Unpacked
372 Unpacked
373 Unpacked
374 Unpacked
375 Unpacked
376 Unpacked
377 Unpacked
378 Unpacked
379 Unpacked
380 Unpacked
381 Unpacked
382 Unpacked
383 Unpacked
384 Unpacked
385 Unpacked
386 Unpacked
387 Unpacked
388 Unpacked
389 Unpacked
390 Unpacked
391 Unpacked
392 Unpacked
393 Unpacked
394 Unpacked
395 Unpacked
396 Unpacked
397 Unpacked
398 Unpacked
399 Unpacked
400 Unpacked
401 Unpacked
402 Unpacked
403 Unpacked
404 Unpacked
405 Unpacked
406 Unpacked
407 Unpacked
408 Unpacked
409 Unpacked
410 Unpacked
411 Unpacked
412 Unpacked
413 Unpacked
414 Unpacked
415 Unpacked
416 Unpacked
417 Unpacked
418 Unpacked
419 Unpacked
420 Unpacked
421 Unpacked
422 Unpacked
423 Unpacked
424 Unpacked
425 Unpacked
426 Unpacked
427 Unpacked
428 Unpacked
429 Unpacked
430 Unpacked
431 Unpacked
432 Unpacked
433 Unpacked
434 Unpacked
435 Unpacked
436 Unpacked
437 Unpacked
438 Unpacked
439 Unpacked
440 Unpacked
441 Unpacked
442 Unpacked
443 Unpacked
444 Unpacked
445 Unpacked
446 Unpacked
447 Unpacked
448 Unpacked
449 Unpacked
